545
48
370
821
741
829
450
469
737
609
303
168
642
118
114
140
653
842
608
826
846
374
238
992
574
665
244
219
16
122
905
881
432
221
532
476
984
852
954
499
65
391
616
187
890
575
46
650
200
860
198
76
195
158
888
142
232
640
540
712
376
260
720
28
931
667
537
355
598
429
827
786
392
108
243
711
179
468
331
210
209
524
53
873
227
857
958
804
257
93
231
180
25
620
666
160
199
687
544
848
50
8
470
30
605
311
566
747
136
637
161
285
724
818
341
489
96
57
869
248
116
503
802
739
80
458
663
920
604
763
955
208
430
177
237
92
55
165
117
978
58
336
887
434
471
241
427
325
834
736
841
106
603
558
446
867
34
629
218
758
212
353
113
643
782
647
326
810
613
89
607
171
407
619
460
130
278
9
820
856
681
876
385
995
181
882
527
390
697
459
323
759
656
167
702
201
562
919
364
948
225
314
472
79
319
481
26
377
977
549
565
699
381
426
322
263
870
901
953
777
740
306
641
592
861
462
255
811
15
761
636
764
671
806
223
866
918
584
627
833
862
949
906
980
184
708
652
661
215
327
42
461
295
14
451
250
794
586
625
517
363
959
843
991
403
755
276
473
70
211
475
937
903
952
132
599
338
824
438
623
265
556
361
357
633
916
304
974
478
339
692
930
709
279
795
707
854
166
807
572
262
147
150
62
228
982
874
146
436
73
182
288
45
282
85
659
152
688
968
553
437
300
190
546
535
334
172
961
335
284
348
578
154
90
239
515
259
512
119
947
137
415
240
518
784
677
732
233
492
898
3
396
115
964
889
880
579
418
394
716
290
216
655
484
350
315
254
173
294
615
593
84
252
669
88
585
236
934
557
157
205
628
343
428
783
746
128
718
103
100
133
153
735
799
63
753
156
541
456
380
387
601
900
340
542
776
268
694
722
477
362
206
251
145
825
39
313
420
449
174
281
969
382
670
939
59
836
12
345
466
383
2
183
318
54
229
1
672
600
591
588
411
679
196
796
790
422
529
401
838
33
107
596
400
506
839
990
989
638
781
583
397
242
224
197
779
819
648
915
359
511
539
822
970
780
555
271
587
272
801
651
337
333
975
32
965
78
163
22
131
344
865
155
509
564
487
188
351
330
719
19
202
203
141
483
513
467
913
769
40
226
60
910
580
365
194
940
830
863
533
69
706
521
835
744
951
510
997
673
895
660
973
346
280
123
452
886
480
112
395
938
943
375
646
29
41
817
976
71
443
902
760
617
770
840
611
275
689
102
996
749
431
911
305
595
983
453
855
249
771
405
465
139
457
754
87
292
859
858
402
17
668
805
72
773
751
97
445
349
298
20
416
994
904
797
66
444
612
0
497
778
828
273
124
816
51
289
64
844
576
270
105
247
757
815
941
942
43
932
787
767
332
914
847
274
752
488
501
354
474
448
573
792
925
875
479
516
81
120
5
463
691
946
571
891
291
486
966
222
528
785
639
302
745
979
220
552
704
175
18
872
851
433
373
808
186
38
95
31
144
894
442
845
56
899
111
701
134
441
789
245
502
421
590
235
907
750
879
447
676
121
352
98
896
283
68
570
705
927
594
814
589
929
703
138
67
717
935
266
698
508
577
388
923
725
568
36
104
99
690
715
813
151
170
493
189
296
721
559
110
800
27
143
504
519
253
849
917
768
214
928
307
35
439
496
812
491
329
892
635
109
316
538
567
356
926
909
162
675
342
530
743
543
621
622
6
505
897
523
83
389
710
534
406
464
24
61
49
293
823
765
425
178
561
261
945
490
455
727
602
610
404
23
321
630
912
809
742
864
766
624
347
987
498
129
871
774
246
837
309
286
148
614
550
606
299
393
485
696
372
399
734
37
922
495
408
972
654
191
686
985
748
386
230
440
514
21
657
4
526
631
52
634
258
360
693
921
320
803
44
317
531
169
988
91
548
482
878
832
310
775
730
885
908
684
957
963
680
554
82
277
74
644
424
414
126
850
682
569
368
695
366
94
127
986
10
204
791
101
998
269
417
713
287
700
798
234
423
962
11
831
793
7
398
77
664
728
877
435
409
358
981
367
213
525
581
868
560
933
674
893
944
328
379
756
193
297
507
159
149
412
971
618
410
185
678
762
312
324
683
649
685
522
960
563
378
192
47
369
536
164
999
419
726
75
883
632
788
924
884
267
86
582
547
993
645
454
301
551
207
733
731
956
853
738
597
176
520
662
967
308
384
413
13
371
500
264
217
626
256
125
723
936
950
729
772
658
714
135
494
