7095
28596
48297
72258
12842
55514
53289
42243
94237
72643
14442
63801
75287
51877
10960
78745
33471
41407
33086
65175
80994
81551
29355
20532
36275
31600
36111
27781
78445
52852
79863
42587
34420
66138
58904
78676
12442
5644
56704
20286
40637
41592
71816
55747
76397
22281
78629
25941
96780
4769
35422
48024
15246
78901
8120
82566
94239
79653
66221
75651
82596
61207
39004
70590
90393
19118
71993
85728
14586
71436
85701
42004
78109
44801
30552
86835
92284
44207
56987
55850
52561
71516
72178
26699
28155
78867
55670
94765
83485
2807
17985
39777
1156
55461
78402
12210
38985
54917
93041
21880
24781
19660
7581
92249
44257
49074
47776
78236
20520
87083
12692
90156
44180
2148
76574
38981
81645
76507
99465
37022
89616
80507
13390
7378
23444
40883
76975
15981
10536
66354
38435
54576
67864
32866
11979
93826
93518
21822
22947
58227
36052
47504
3733
44813
89048
96620
36135
7193
11625
97795
91028
97515
62878
76708
32728
11692
95542
6037
41509
66210
49210
40746
90867
50046
83998
10144
14805
47169
17542
82329
27398
87435
101
30708
18145
99938
35361
13960
74096
65820
69491
75293
57501
73578
94794
61159
87876
15233
99663
14975
43433
91685
65410
52640
78694
58580
96420
54747
56381
65900
40590
3032
71276
13882
74367
12522
76990
24608
76467
68237
74749
10658
37102
61470
83718
66382
82232
69847
3893
97541
58786
83525
41695
81962
84038
76776
64479
92262
45581
61447
70216
77110
27979
6414
2553
34226
2500
11045
10702
96506
21298
97422
90771
2526
30014
61722
21363
49643
68524
48328
18063
52749
63123
3515
80747
20358
83241
53655
90210
26281
44094
37912
67993
68467
87775
13807
8849
53991
84315
87866
85238
72708
51362
24959
7061
57926
8776
43397
48778
68629
90249
65039
74679
38797
60231
85685
27472
6283
78063
60864
13459
29169
81722
76770
26006
49111
20143
35088
22393
88590
82662
40766
99706
10034
17447
79765
41287
94251
76592
60755
5006
62240
97301
74783
19024
71065
30466
93927
68756
79823
43644
38904
53047
61906
2118
79929
85921
41014
58048
97701
7668
10491
4809
29731
33790
18296
59365
7043
29869
65732
72473
41463
92738
78912
33331
52204
19806
20484
11623
71172
9625
33765
19796
49810
91057
27967
11366
31697
62655
51429
90196
32928
1254
4482
52969
23390
68549
26635
77984
19294
19852
97315
46984
5383
6443
35722
85703
10027
25381
52291
7035
72962
84867
93281
18652
46882
33413
55757
9213
91453
9972
92150
40753
30423
38131
87318
61898
98883
6068
21117
15836
9209
13511
82237
68064
59350
60204
5905
65013
36336
30186
85610
26497
70643
38520
54135
48278
40733
77752
31984
68463
35123
29668
28927
14937
39294
10048
51820
9423
11206
27887
91652
57309
49929
15074
57413
58502
93431
91691
60264
19521
82029
60496
64748
63486
621
31290
35707
88423
60086
7149
69307
20705
16197
7666
28627
3282
84616
63184
6167
63100
30458
3226
84755
2823
38945
52193
58864
49021
20480
67722
93606
95503
69208
17563
31198
66837
99586
34094
90657
467
92546
56552
4803
22903
75561
4387
87494
82590
95913
75048
23181
79670
85045
70584
67518
11646
33141
12105
91442
44778
80675
29486
52220
83459
49733
76559
90995
52491
83911
33176
33182
5854
20116
88717
71067
64916
70865
10395
87980
10147
52950
56202
19391
29953
38186
50895
42713
4231
9242
19837
74814
23825
74901
8539
77215
42945
66471
57361
99136
42404
47728
3100
38373
64140
51040
77441
43417
6941
38354
5374
38554
14627
10786
80284
23972
89120
3084
66753
13464
16836
13507
65698
23881
67221
79466
15157
19972
64206
99314
83844
57593
92579
74353
9565
94762
86818
46395
47463
12558
55989
74240
13200
74787
62020
87905
30286
36056
58705
78739
29872
95546
6020
25754
68967
35578
22358
11935
55197
6540
13883
35148
30385
15564
99102
45505
26081
1698
93944
41795
82417
94305
79343
29524
94362
54729
78537
55326
70002
69036
87851
60520
17907
95406
43282
11467
45035
62789
26381
30815
15168
42656
60405
98030
3070
75716
34507
97002
51742
18481
42156
76538
7892
24804
45299
94511
51477
20150
55499
33237
643
30497
64911
21862
43095
86242
39041
14200
6218
61594
26403
71575
5216
94222
77173
64013
95761
60687
63275
95325
81941
44884
81482
57711
30732
3043
65664
21733
87047
65134
2493
3148
70422
64474
84145
23247
69039
10779
63427
13478
21944
62684
89964
78347
40401
40698
42286
93037
51393
94864
77300
44061
16891
38541
20391
34630
82380
74121
23162
83716
21815
36914
1991
60031
83132
52101
22056
5455
34974
34799
61880
83912
83887
62939
97601
65319
70313
31860
89202
28448
43499
53592
36144
35395
58530
92310
49891
52233
65507
7588
53841
40321
8372
89567
31624
83474
82314
55167
8469
96332
66989
37302
33682
12911
98296
31142
97787
58615
53373
24636
75713
19875
42437
39789
44088
47297
19957
37195
7659
10295
94156
45475
5487
5744
97513
82039
87509
87874
17129
42195
72921
1368
33806
61966
33784
56353
65179
76159
70462
22515
41371
31289
81917
92829
4066
76581
67418
8233
78988
50491
56801
9706
38433
8444
87064
63047
67194
48750
54033
57603
59261
64021
14234
99305
12003
6219
21326
38481
78075
32668
91182
8017
37480
2848
96842
85411
12389
47957
4249
61775
75657
57657
41385
74485
24326
49665
50512
91225
42699
27257
37249
17387
63369
11705
46586
66289
97938
98815
8057
83060
75677
52559
32943
72260
62022
80164
67533
44361
96211
52017
27227
9287
36050
52313
98728
3629
32989
70983
74523
28186
2720
42283
62375
94444
84401
95314
28926
47206
97501
81313
24220
88733
35300
54189
33732
6144
36507
55193
82121
17858
56847
15949
87394
45542
50505
80080
93984
76773
84301
82530
56988
93118
27740
8953
77897
57595
67514
88726
27817
96379
59050
84130
6364
78754
45493
49514
20403
12377
29929
26164
61218
56579
10430
27805
34995
49086
80372
33111
92562
32088
89126
16440
59129
97957
60566
71595
17291
58088
13079
68129
65957
22140
73624
3612
34197
30419
52570
37598
86468
9174
44424
3228
86208
1749
71986
93093
35126
96529
45073
23048
69475
49063
4051
5408
95135
64758
11407
20849
67998
4490
51752
29078
62262
93751
58688
52490
84195
47601
78281
78963
82500
40714
37980
20908
57027
58217
70531
92718
50
9315
13488
88218
62257
96153
50469
25068
32827
6721
90912
55011
80515
30595
49502
46033
24022
40648
60547
90394
62524
30777
43117
66981
1084
55841
50124
3081
54701
16046
89692
6458
26429
90502
68752
98325
46686
87473
47346
88558
79507
83126
28886
61889
35895
82365
26468
99469
54919
2755
15923
98482
33688
21606
93755
1028
12610
42356
93161
83606
73517
9551
72179
19557
20071
14624
33317
77918
14354
68052
84857
45485
69819
99511
40996
75811
76836
66924
2317
7907
85892
18055
58938
89993
47204
95335
93635
13687
91690
70003
43143
70174
96754
67952
87453
48645
66008
39260
20867
29113
81619
842
6162
96881
63739
16794
73683
25725
28363
50932
43818
49291
88578
38529
65904
65493
96163
30055
73632
72618
61404
29759
29895
21847
24163
13684
51870
35090
51260
79098
55827
79139
96056
41416
29315
95952
31608
36339
49381
30211
78479
53001
17888
90554
11109
23527
69564
3466
16216
49207
33398
49169
39740
53834
81197
24471
75203
73262
281
46912
89976
50892
99739
32881
75685
22593
29839
93340
85525
31862
38687
43625
38004
48542
80593
48643
48850
92907
63329
85629
76294
51502
56521
86847
1807
98793
18140
78865
84246
31858
13778
25154
18959
11527
21845
43871
82985
87483
84937
89111
40887
99940
19620
16414
66663
44963
95419
54061
41634
4642
73185
3283
76765
66430
29161
23577
82320
43705
5049
21152
5205
65326
89837
17222
73855
17023
84293
58280
80149
90506
64333
25409
38569
84954
29575
57201
63417
41786
67734
53625
50497
14276
62441
3554
76378
94392
84643
93053
71379
84744
33923
58629
75115
45648
66037
75585
85800
24995
8212
91269
13816
17312
24858
95576
52065
1763
8581
23633
33351
95096
62888
85850
78170
22827
81739
82935
99288
30363
32512
52064
81830
76365
1188
95497
54343
74716
60589
87074
81846
3085
72054
97851
33734
93857
49924
63136
39028
90692
72692
60386
50245
56067
92100
32757
47522
15034
65850
18262
17196
53227
2005
56421
98621
99723
30606
10384
80477
9846
35018
38320
28605
12835
84799
2380
75828
13938
22144
61723
73940
92033
96423
91112
78856
53470
52062
69550
64204
55339
25474
30729
11181
25045
21424
5548
31399
84919
20382
37281
90339
51104
52557
30193
38247
34467
5533
82965
80534
47778
30160
67766
96222
94227
40935
30307
67949
19916
91336
96782
96964
75280
93761
14788
77732
77046
29127
19238
95237
55154
2839
6952
60486
94434
2813
7558
41694
90679
44595
84862
32049
7518
29249
9902
65502
82346
76643
90379
22869
33600
26216
89147
53190
84223
38262
28528
77972
11177
41067
67297
7529
68531
73055
774
31011
21541
60357
88559
54284
48366
8624
31778
18535
67879
67666
8848
5382
89922
90048
42387
33561
46575
41969
83526
36609
91818
13157
64513
90466
11589
40067
68783
10199
18414
8762
35150
33343
44137
73890
31189
23643
68570
36406
97405
86226
62408
57072
60410
86957
82690
61072
87613
49676
69928
92133
11512
10215
79794
29804
17521
23740
91952
11686
95442
45559
30508
51444
30557
52669
40076
77265
26972
9076
20493
48310
94642
71847
78242
72318
77889
59117
68373
20038
85580
42576
48586
26033
39529
51553
80676
82021
70979
21881
12600
52959
25058
26937
70508
21153
89529
5010
10642
86822
97452
71713
475
20087
59196
30642
98650
31670
10129
72453
92918
66646
79459
46446
71499
80238
56260
59158
25757
92643
99181
92352
91642
92290
20932
5158
18059
48559
81735
75073
41815
21303
46712
38311
30677
33346
85348
42798
31819
59173
1041
78543
93288
45012
78596
37798
26074
41108
1197
10966
13612
35629
54800
95817
47808
69503
97360
84117
2981
38060
39609
22234
82581
98899
66218
3656
85518
13245
15102
74686
89195
27664
43414
7789
50398
35649
59140
93723
16108
934
72150
6403
39685
18601
76509
50873
96734
39929
95674
14955
53901
53915
94788
80096
56670
60536
86410
11867
79787
4893
22567
73196
82939
82194
31108
5420
34178
25463
38609
2933
2730
12405
77090
72282
57275
20267
92915
10792
15253
69878
26125
68439
36736
75324
7980
59515
23476
38864
75119
66417
93334
47372
90691
21609
35131
90745
86951
40188
23824
24269
58537
76354
73181
48407
94146
63269
47020
72156
54289
13943
20632
77245
10040
93760
55316
46580
42381
28495
95316
70973
91774
12497
84284
34930
19909
65920
84676
78030
14531
723
85124
70963
45628
88819
22754
79686
34126
76717
94773
27864
4655
4116
10688
31939
65598
31584
23460
3191
68702
84747
72983
84669
87857
68836
5212
30468
97474
62849
75058
32903
25606
29985
5313
60408
72020
12564
65366
11417
35370
34133
52765
6655
20699
95884
35198
5686
66644
83997
31596
52110
80353
95775
69205
13570
14319
4021
87924
92902
23212
42859
79300
14764
64522
19758
68175
62579
91171
25832
35781
92045
47543
13942
39560
92332
91312
90952
76804
62152
7270
10709
27836
61135
69983
54361
36031
71369
56430
62732
4922
72999
97660
56287
50919
21064
49860
38933
99171
99240
56216
79164
92797
89605
25378
7880
55817
20142
2757
8746
94293
68427
36481
39858
56339
4548
47796
33534
83797
40271
5662
10941
96791
98456
48414
3396
63638
10671
10424
25868
5247
98825
94232
7719
63906
15572
63055
24861
64260
14012
35580
18695
23412
20082
94407
18279
36661
18303
67622
98626
5658
79461
45314
19259
54353
27886
69364
64142
25782
34676
92521
84229
56648
1644
60709
31450
2712
99503
34820
44554
70813
97979
3506
66789
24082
69276
68009
21126
67798
41432
91130
75123
89666
543
56444
2410
4252
35684
14479
47754
23788
6300
8053
35809
92644
56836
29035
8259
16586
54562
98179
99512
95972
65316
74592
62028
78271
40901
30668
12170
90012
66414
40953
15490
99736
42073
29106
64615
3478
79984
99582
90550
20843
71028
91921
58608
26437
83578
74376
77849
71696
28060
17368
70247
8253
82244
33518
88909
65094
51525
75780
7621
39628
77748
2925
3163
95219
1907
61771
19728
77054
70828
90910
9700
90454
17131
97207
11555
7081
21461
18410
55663
63977
88738
63493
18600
22130
24494
17135
73538
45062
43801
97157
42326
21502
3480
66209
18065
76529
97980
45534
28049
10159
70343
23852
61701
21112
64571
54259
75351
87191
94702
84480
19622
12862
81530
65137
40139
20191
32945
14425
61757
31044
26797
83857
28208
41387
14821
84060
35896
36674
98460
74132
6092
49019
98772
470
12358
93772
11264
47111
50023
96229
83670
35234
58742
69071
2915
23999
13513
64798
25881
36033
43484
82898
3204
84892
95806
90096
72730
96032
77484
33328
92871
3221
41954
27593
32407
5692
57082
51209
64277
87516
21941
32936
28487
85350
48687
15811
26115
7845
64483
57452
59769
93123
99430
15265
50361
1284
91968
62298
28675
51280
37000
94940
51658
16719
53051
11947
47395
6764
5404
36176
18940
95803
92296
37603
11384
48180
8764
25425
51973
22115
14477
1013
3669
72499
75850
83486
37127
55664
44842
65207
74409
8326
10243
6128
24221
27831
84156
1550
18554
60857
50683
81804
28425
41034
17080
99852
70032
27088
57299
78590
19692
18290
18657
14827
50967
43436
289
58558
83945
91571
38572
12048
23322
6598
88459
48431
79884
49091
34667
7913
73264
22923
18525
64809
81878
96190
31988
9651
29529
7852
83612
27198
41986
70667
12525
71532
39079
45322
70926
79119
53757
98630
4260
69960
316
34747
80362
79310
32577
90767
88957
53203
78128
47767
62804
34045
37423
23973
98913
53162
37057
71967
48681
50927
47119
32249
61942
11435
80960
58557
68419
1819
44549
43350
42811
37865
47590
74480
88592
68092
96653
63579
82324
18637
67247
34926
12535
42746
68818
78665
45949
79315
80608
16530
49371
80497
96871
62689
80142
48518
75594
64343
21465
96112
81191
40233
57337
71336
3909
42107
83942
60442
13735
55080
31943
75447
61724
34355
98839
16849
25123
95393
71529
47981
44509
10699
85813
68647
77417
67684
24929
23838
43746
16241
5800
66687
42884
37224
26742
18093
80239
24069
83702
40682
7460
66723
9090
4517
18668
55709
65018
65088
10616
16897
75249
68476
14371
51405
10976
64803
97396
62730
19997
64338
30464
90401
32231
8161
37534
22168
39697
11728
39008
37853
37329
20182
64409
93922
43532
97570
40553
43718
78610
42956
87441
99630
87233
34504
31638
30102
55409
59495
94485
25217
57977
64406
17373
64913
47553
7940
6642
66213
66018
62603
72433
87906
67875
12670
60971
73824
51586
24521
40928
54940
49634
68677
90790
42129
85072
27897
41817
93859
8741
7929
89008
85095
81129
52504
68075
82610
94257
72682
79624
63261
61225
23419
3477
16338
26572
54694
55008
78325
35248
65683
98379
41426
26079
15857
65691
75615
12127
60587
82063
23373
62323
26345
86509
24113
21563
98406
26648
19561
66135
43882
58398
41581
78441
59171
30126
88852
78199
18789
15846
13920
4880
48923
54187
33191
89096
50386
34015
52153
94623
82555
12420
72693
79003
63773
80425
9522
11196
87836
99290
73689
22495
37079
92393
71974
40536
11870
69725
40872
42670
8193
39571
74054
75092
2692
86576
90560
60655
52708
45218
25353
67681
8060
29710
46498
10756
89157
53264
78765
43867
53304
11995
34526
42584
46854
37220
18477
2315
22465
78338
39159
22293
40164
62134
85554
31803
98688
24107
36053
96069
27615
27878
43650
91377
88582
22904
43771
72654
92090
2392
16994
47003
82213
10231
14471
97303
64920
23411
77546
79699
14214
58950
81508
53258
28723
31372
81507
13566
34602
83283
80402
9361
29502
85494
39134
36550
24278
80853
37362
5436
34125
17650
39657
20898
69232
17651
425
83626
53480
85220
65975
58413
50612
47567
79536
72360
10268
8878
31824
68931
92032
59383
34810
34416
24430
26235
35305
54131
45028
22445
61990
55756
22670
4574
51955
24997
31692
23479
18980
89748
49042
10290
36269
85965
61994
27254
86230
88008
38068
36397
94892
40266
42285
83107
18129
64595
6285
65821
15155
88483
28042
82868
52218
60553
16315
42669
46555
48298
34839
83926
57258
22346
50555
50142
94540
39131
27114
74546
42986
98751
91278
86128
93825
56667
49341
68969
1623
64250
43640
31384
85960
76410
45645
24026
61662
18584
1340
33417
94815
96883
7830
74361
76160
71199
8065
88973
49432
969
59832
28407
33679
27906
12623
24875
42517
52970
56405
71934
97935
37530
83346
58112
79467
81229
74416
13139
47637
64588
38453
94787
33013
66126
95956
34315
11719
73160
40307
91412
40397
18392
53210
35817
22244
58363
48210
87498
19563
65111
29334
37789
86438
34784
76681
98754
17231
54486
20852
93284
75706
31020
33067
23266
95364
75484
61006
83989
78997
29700
15301
68281
86094
59470
78397
66042
77045
58360
30309
62706
90248
45667
93829
33971
39045
1191
61871
16884
16325
10961
19149
50069
20738
71002
78714
73136
11738
49893
2413
78206
65836
99252
38735
5603
63295
27271
75374
97720
55681
46323
13962
74323
12205
81275
52012
14549
20870
96718
83415
13712
87872
60349
41302
20530
66942
49910
7410
74677
34465
2668
85366
15479
49590
9279
28909
96218
94816
1714
324
18134
90172
49315
50728
62802
19541
15072
77734
86546
54077
96811
61644
86979
54789
33090
34564
3424
36284
91738
52871
57776
58800
76805
34945
18526
94555
87319
74011
31234
7124
95989
52767
95643
27525
30439
86282
88070
58119
35261
33065
37842
3926
76193
73234
85400
31263
34563
22955
25640
53404
57313
79216
22309
89546
13688
5747
47389
99160
42791
30686
13987
49467
10364
17972
83722
90302
57118
62261
53792
85047
55639
73728
6948
47413
62163
81094
41909
90233
64846
98522
10132
80925
29237
58841
17439
26239
30676
9620
97542
97324
38077
67413
15311
9006
56524
82068
31995
3212
10162
15698
91607
2803
93174
9987
22215
56328
81826
85224
82484
31973
29265
61629
24695
5719
19695
1473
66498
47156
93157
4668
14018
45247
16417
94911
82732
7660
40993
9264
55731
83281
86172
86611
7846
53563
27013
53432
98454
36543
63674
94502
83574
50751
7578
23268
2747
27196
67860
29924
84163
88115
78618
20914
48917
97140
63681
91895
34022
62065
68146
10765
73394
56985
15518
91549
32935
43197
6532
71169
83603
32656
6661
56091
83183
13496
28612
70996
15306
69337
40546
29608
10927
1456
5613
59113
56592
76791
27772
5812
23486
14343
96556
61548
72796
87086
89489
80316
59724
31888
34254
75428
89458
29238
34240
36838
14743
87883
29083
47469
21386
49335
69075
73658
26433
18453
89233
36364
20701
95730
27493
95723
15915
69
98842
61714
55495
50661
68133
95735
31035
33420
69783
25367
32677
44742
12562
29027
94647
41173
7704
33185
25624
34085
48863
99521
42344
11463
14305
41821
83904
55020
69808
82123
33048
63360
86375
93410
52290
87744
66331
94727
87219
3737
3888
24979
24482
33151
75080
31266
41865
12582
37526
64091
51369
13207
99018
69941
15024
12863
32696
64930
5351
32680
19755
47447
64114
26993
72658
61721
14464
4632
17420
76605
95754
31276
62707
68710
54105
12528
6258
16441
38318
68543
23038
2572
65265
49994
10226
89724
43769
93821
73899
94622
63316
46975
81948
36685
93173
40952
2543
21858
44216
94573
441
14274
68594
68135
70361
71729
33913
28689
1773
93252
63373
13984
43856
67668
76067
80077
44628
81103
72076
48350
73144
93192
87430
24899
4742
31790
11166
18139
72844
64699
35585
67735
64948
44643
91678
40182
10946
84428
52729
15312
51978
86492
80206
88879
236
64686
75136
71062
77869
81791
12286
70405
85939
52453
38352
82869
35100
53662
71492
16062
86460
58374
80911
87609
8177
96355
3938
59839
53796
63707
21771
65456
60639
4837
35813
20367
84645
40573
77661
47466
53043
40240
93665
26520
36721
33975
99847
1692
58164
87969
59384
95270
23923
3977
45047
42104
35556
39111
21618
67301
99411
84930
93732
55349
92350
27299
77028
10886
41488
13381
1645
58541
94552
15784
96907
62842
86949
5316
6911
29817
66592
41179
47759
47509
65478
55751
32589
89655
66177
18899
12450
25004
90722
35142
87799
5892
9405
99481
74624
78711
39232
97994
24134
23938
53393
59241
94319
24367
85060
69072
41195
85715
40342
30735
68734
55944
4165
73893
88955
44219
54027
97383
13432
79013
17194
45338
59457
59182
5965
5070
71781
23530
67537
12666
15662
80242
56056
81019
9281
32253
60704
66571
18952
56866
11831
62299
21486
85702
81138
19527
50984
9874
72627
71981
69969
81458
96414
37711
35654
26049
9761
25558
74912
92285
93917
21908
84527
53657
35221
64034
8656
82961
11250
35976
82379
46904
74352
14427
98347
814
4937
71456
55578
16206
26556
21039
22489
88579
7930
82034
62489
49274
44621
55789
49369
94130
81221
94360
21308
85936
7807
12968
53286
92911
23124
54412
24339
75573
54780
43506
27956
76833
44638
40425
98919
97793
11509
29122
30623
26240
56720
97435
57947
94598
97198
58087
41155
79263
33325
47360
17172
47473
1014
59964
91419
88731
87028
10621
29168
50597
96700
8228
95652
8263
67329
13007
41266
63114
78
3405
51114
56416
51210
58400
29917
9950
51944
66190
48301
66133
96910
7943
64161
38740
25562
72379
46202
49985
3603
7038
54841
60311
19802
95760
14334
15805
7614
78024
48971
86819
84366
32828
30086
48219
87049
49071
99006
62386
47281
45957
9482
78942
22443
80252
89237
1359
97991
38476
51408
348
84731
4528
80218
11015
93973
10545
80879
74640
46921
99177
34917
27048
32090
81544
55938
33149
13864
54421
84024
57140
80278
42591
59412
93974
14886
78125
34271
55668
86486
45364
67644
29212
81424
91672
6895
85673
9092
92203
62155
36299
1608
41895
12275
72
84746
88190
85958
9347
87635
34780
72967
26196
82268
33571
99055
66252
37110
38908
75104
88662
75668
85435
69381
71831
86653
93692
59269
90897
94688
5964
85950
47988
35354
10028
11904
42259
19813
27701
39752
3380
45245
28533
46423
37473
91055
34071
53519
30620
70496
80609
31338
5424
22871
77943
75862
46306
55208
10973
4017
66982
46238
57145
85341
99822
34468
66487
6784
54045
8390
122
62522
28078
76511
32388
54336
60516
75302
92642
12274
23850
75652
1068
75033
56422
3519
81109
55004
56170
5058
86224
53816
58899
47032
98193
93029
19318
69562
88108
23222
20349
94638
1930
3586
65928
49600
52277
25488
47669
97115
9875
20670
69338
54563
59983
14126
36782
3218
27186
98702
6279
2254
20945
82306
51711
91684
23296
75600
38768
85219
50692
30760
99742
83511
67174
79534
2260
14272
33252
30310
39238
93710
10977
75354
68277
54811
82205
20587
52530
4710
73919
16017
14810
94663
61934
9585
70015
2484
26175
77466
64135
85423
82889
38620
61869
42601
92660
46406
50374
97816
18512
60378
57822
77232
36418
6735
72513
2113
30393
22594
8821
90828
57503
51579
19396
71811
61131
55927
62712
83036
37331
43959
70335
72978
24254
47460
96846
27609
77496
57022
48930
70556
42015
32224
32545
99860
64954
20465
16479
53990
61897
11977
38877
47194
3287
87229
94668
30772
78508
93802
62190
37201
40959
40570
51645
27616
34313
1206
83846
70202
25972
34217
75533
9727
20819
98412
87668
69711
94443
21907
21846
81345
58799
3155
38217
12366
36211
97647
29684
8797
65702
80007
7591
48376
15397
7917
99308
46949
53143
13313
69326
97467
93771
38743
29840
9074
30489
31252
14107
98314
17607
64229
28592
95188
39720
64988
84411
67776
87904
67561
23272
40932
81602
48497
43312
8357
45690
16333
29547
39941
64838
27425
66569
17578
87487
16279
88188
92039
93270
20343
47917
69865
97337
58118
86479
40384
88308
21977
26609
53864
16692
14452
11532
28051
18760
94595
62780
43860
77056
94931
41996
24171
51735
15086
55786
55720
56813
23922
95129
5950
23821
86669
10950
73413
62958
23447
39122
1547
85588
44876
50870
88581
50884
95006
30138
14385
95185
30074
87197
84245
35345
21545
80783
189
82612
97834
52378
85405
63181
13763
7145
392
49682
50954
29422
68251
81194
50476
42795
84981
72520
43784
63695
8436
79513
44830
39280
99539
57995
99666
27301
81151
437
42192
1697
46475
7971
3978
18989
70010
79521
6269
15776
85049
79698
50013
83023
6704
18752
24906
25900
5161
39406
24744
60127
71097
86966
65492
76420
30938
89285
7833
7450
49057
26303
24847
91315
7816
56608
35892
52740
56439
10653
26373
62204
17326
33929
19770
70354
54736
58804
8123
34871
23183
10509
87011
36778
82929
5096
27151
74602
70012
81146
28003
83974
81027
95425
75162
44880
93389
99073
42951
92145
74494
80105
94742
50244
44564
81815
66823
78752
49484
63797
39704
89935
31400
23091
92569
56885
15478
76920
77768
86725
17748
42328
32551
45774
23288
51574
89927
12517
81712
3898
86403
53931
43428
82155
3050
45116
96855
95657
24788
63220
53100
34537
65813
75709
27044
25200
52441
75974
57408
579
46312
5272
45580
69920
18295
47896
47515
75717
30482
4865
14751
56499
1809
4467
98812
52008
99285
2596
3835
11742
50520
46669
36780
69317
88358
49298
65009
8442
65629
66717
67386
9737
13107
44918
13872
82137
49747
43153
31617
97322
31344
10825
91657
81494
30682
26416
6813
42450
69180
3617
94579
2228
54453
96785
77073
84238
39568
70564
13649
13368
90019
12636
94062
81356
45679
54059
72540
17739
92140
57821
65723
36581
30369
96758
7411
31787
50190
7987
88261
24324
47220
48312
81440
95457
49642
58222
38659
7781
89636
37114
47013
74218
12072
60166
37698
64102
39599
51163
8853
38870
51951
72564
26130
82224
31728
72562
47833
69584
4940
6526
92202
98860
618
31307
62952
53211
4191
89399
40695
22191
49174
74049
80429
64395
62628
77285
59425
91298
11266
76916
19169
14855
61174
84620
2979
14103
32688
58681
3187
6047
88432
75271
28268
48202
47332
5571
73378
45451
29583
43341
44827
7076
49158
23356
24062
45617
27342
19139
67796
35485
87722
69610
9566
14655
73973
97544
95158
13332
85357
48892
63625
9541
50720
39310
87005
63323
59476
5145
89948
66995
87755
11415
65485
26080
19276
81045
70229
48955
7622
63682
69485
42293
53670
4179
98399
97252
79042
45099
65825
1176
74498
49948
27945
99116
49355
9127
53164
75736
63242
78624
86200
26500
75417
21357
38698
39190
85617
69805
60012
5772
80405
97391
95589
29813
53313
65658
65263
37786
34442
88587
13886
53421
41801
95763
65462
8184
75046
21277
32159
3368
99796
5520
45921
47725
72069
52006
61874
67551
83817
67067
55419
65221
46688
30142
40619
17964
63054
70448
29476
87389
30456
50953
15512
730
66243
8972
3902
73326
48232
53237
36004
39645
56409
73083
33811
80530
8613
73327
55744
60458
56482
12056
97352
71125
96184
93782
84005
2618
61518
30348
76868
30129
15573
9675
36964
4197
51690
44199
96430
46554
97035
40861
35982
72754
36154
4649
59359
66236
60416
4676
89023
46139
40975
91389
14978
87374
40352
4434
38658
48033
87195
22156
35603
3439
66581
19797
63829
55953
72308
32535
99075
44072
74286
13746
53128
11331
91343
69017
74417
65517
22808
21213
52375
55303
25233
79485
47207
90645
19657
14328
86736
7185
82601
61920
83275
71697
77147
53198
29728
32463
21382
30530
76183
92366
7966
12797
64024
82828
1132
82042
8932
60169
7819
55613
84597
21627
68375
97489
19570
51636
12241
76399
39273
34392
75906
10911
94141
25142
19005
57239
64567
13832
3019
50017
54500
19448
33896
15417
21491
49098
32040
30470
83530
30171
19514
21250
41551
43618
37982
38150
95400
89889
35386
49689
83947
57687
90472
21052
855
96324
79472
69374
43074
16877
36846
14934
96722
907
3999
28428
99273
91448
94346
3845
80044
55691
59800
54206
48260
5418
21252
17413
77435
22222
52783
31127
80306
27601
18632
26624
89514
39688
31660
93234
79505
18007
77032
40790
42424
90109
27972
9596
51587
97692
73212
26846
73530
78696
65417
87504
92541
91980
87167
19814
49524
54415
78051
54947
28921
76781
18136
28541
57199
14732
71617
39216
82501
60056
96958
78647
67637
11372
94999
84231
38979
28946
75795
44519
16639
73331
38134
34447
21863
34512
25724
69789
30851
75759
71324
9866
30449
74309
25071
96801
66958
9024
60707
63910
38038
26573
67623
21328
63673
63723
9341
7212
14188
17249
19980
19734
75352
27608
80251
93987
82248
49784
64906
50925
25343
45458
79530
3370
11300
43732
95160
6790
87013
52723
19683
98009
75057
41669
10861
58316
6507
68061
33221
34061
89903
13983
79753
39952
94116
53644
67878
73255
25581
43788
89401
69694
30934
11291
80844
37183
33520
22886
22557
11996
55837
66291
30303
81814
71708
39860
5546
80518
90633
60139
11737
76530
89041
43530
40755
6676
78415
26567
20859
11367
32594
80758
95159
50021
7624
27741
4982
89874
78364
83203
32958
40441
64935
3217
55086
27411
12588
85499
80531
26527
92434
53819
7158
76881
69312
76267
15383
20998
77309
37198
18312
39119
95551
33558
86733
81969
10810
39150
53506
13947
97338
37546
40284
74565
90956
66186
20424
66497
62582
37381
37167
60481
12807
73975
10619
78949
29993
62633
88339
86878
83379
95450
19298
93924
58011
92967
99446
75761
34793
80092
66117
53688
16215
88905
91589
29491
19509
13228
41459
25494
20315
73343
63012
50864
64035
228
23808
18346
2155
6573
28813
12785
82361
38630
83408
63168
72389
58252
43603
10412
61943
72741
58662
31104
51814
37887
24698
49617
86322
20134
64316
19759
28370
94036
88342
92933
56455
548
82917
93774
95593
56466
43369
91841
80403
59742
12230
35784
10887
28239
38106
87887
57791
95380
35995
53303
95793
66566
5484
36298
39774
6921
94620
86744
11121
90784
40110
93601
12123
9115
88885
85903
62208
60211
18164
50212
73346
57996
55135
43975
36723
25218
98233
82332
1963
49283
89565
86085
307
37739
11386
77345
40329
75582
84197
46655
84587
80583
50723
9784
31561
4342
85055
30697
1400
10747
89766
68250
12882
2689
89468
73109
41081
93328
53650
69063
56315
15232
4998
78308
17681
55177
52541
2458
19135
85830
7876
81617
43802
75889
14441
39225
77385
78810
68519
53267
45545
47684
41209
81994
79357
18223
93100
4439
54936
22366
38328
58259
44009
67474
90342
85630
12508
53503
41597
24120
68850
74037
40661
78588
24345
83794
71949
37574
12689
70969
54319
54386
41408
4362
42124
84974
28911
22906
90167
65253
65060
15476
20173
16845
88492
34316
25975
9256
68396
7304
83340
89949
81301
85803
28916
75599
19606
54399
43335
40343
23211
81309
37378
59988
50012
66141
75721
7584
19477
72831
5961
11432
40207
84335
3167
34136
55531
74080
89026
52936
66510
82081
86588
46153
17030
77380
13766
15386
51739
32762
17759
39796
61241
99401
44536
13795
78367
95201
93287
87566
31056
24505
45051
32475
33683
10523
56119
98844
25852
52214
91971
82490
66370
19187
95963
53392
74786
41540
48009
24469
4513
31474
19044
11388
28594
10835
29496
93899
68359
81660
18960
90889
81273
51053
71223
4030
56567
28067
60783
89163
55100
75515
10011
21284
14681
95966
17757
69195
34514
76045
3578
91594
25061
76938
3513
44941
77220
2954
75225
93540
46961
81091
24109
32718
16314
47974
67828
82418
47876
34622
88355
68316
77098
95016
62709
7522
43439
513
40493
78570
13135
13748
40169
76561
9307
25043
57855
70651
18786
93218
2913
54605
98865
70421
18891
15047
60784
91022
19981
91640
37563
549
32837
63049
40647
44476
92841
65320
22872
24848
90542
83463
91025
8955
75791
88380
99555
29506
46583
1830
29314
86032
97632
63333
89170
34764
70605
63923
46421
34815
6270
6556
52286
97110
87317
68279
3648
25872
98005
78999
21105
84922
58529
33051
14969
30721
51352
92607
46086
50094
11347
29542
691
24184
97264
16805
80876
282
39073
97868
98841
96553
55813
61323
24351
45805
26770
27201
98855
42012
4302
84227
75254
52533
42877
46310
18555
58390
36917
94473
61352
27579
61677
47329
52088
61172
35572
32322
27182
49441
93054
3591
63230
95704
67775
99013
5891
73949
65556
48946
71889
96545
16761
35496
73944
43370
62895
63996
94190
91999
74772
91481
47665
66745
93353
74915
76583
95606
28702
5464
56374
33548
81148
97586
36221
41146
1582
62602
38970
61293
79464
75283
53191
69907
41940
76491
13387
66910
23548
39290
9044
19612
23172
50778
90768
34393
86246
16506
17963
64077
82094
70513
92379
78798
55023
49868
70451
45471
74127
68191
35735
35157
41993
52001
89979
48893
63397
31758
18021
60886
6826
22461
32180
80393
83796
65162
13790
18630
73667
52927
76721
16636
5072
15710
33114
24245
73243
79918
23492
45388
96895
22079
53593
29772
4455
4283
94276
98886
90266
82124
97334
4558
76914
3076
99559
67539
14731
37100
12757
45497
34038
20077
85416
81685
98669
18805
39030
3812
16769
50790
16865
168
78511
81409
44894
75072
25457
75562
4338
9955
1584
19928
7381
97049
68955
9848
13366
85508
91786
51138
44148
82744
52905
61014
78892
34612
42705
42768
68934
47850
59759
49160
86936
6637
84839
19403
96864
39977
31049
2763
94791
41035
57790
16568
95755
21191
51320
36426
60107
25130
32711
50869
58739
39663
50543
81325
86894
54989
13968
75103
16604
23833
51399
98355
54419
97804
79051
59213
87788
55307
568
42152
57646
51107
98617
68201
24073
49265
48562
78387
73403
24455
69637
5059
99579
74997
66063
12957
33411
3689
4737
29793
68311
9779
49785
33533
79542
21985
52157
73948
39452
20522
29204
32444
53649
38566
55361
60829
40306
43546
52733
85750
62938
89586
6927
73345
85708
49542
73802
23830
21760
93087
68547
40118
38568
63603
30926
26654
53501
74443
1684
77979
95851
14067
70364
38710
70615
36786
63459
13959
17386
75455
89462
39703
37604
46408
75346
76982
49991
55026
39487
26456
20628
79705
29662
71883
18084
72798
96220
84719
45636
97358
79980
87941
30505
69614
7471
83642
25537
75678
92571
13156
71342
59032
56357
44705
45059
41881
59884
45724
7867
91962
98784
32014
45341
39821
96736
4912
47587
35368
30095
38815
34906
12052
59752
12681
72244
89521
14227
44289
1811
98787
70157
34044
60000
13210
18381
42792
40824
19180
20815
16365
55319
66954
71094
86790
28047
12115
95376
70235
44930
24279
65942
51113
19186
90609
6886
63078
94628
58098
59176
319
96241
29994
14668
52464
95834
53871
55055
15103
16824
90220
67709
53397
79497
82736
79271
47155
48470
64236
22634
6313
18832
24379
98798
36802
3895
71269
16503
40189
69690
36617
76432
17991
44002
64650
10204
98627
69078
59330
68068
39481
71066
65696
48110
22878
83762
24448
7215
45275
91845
30917
35575
28829
72061
90485
78762
34488
84810
55985
96303
13560
42470
7887
52162
8806
20083
31703
25028
24916
69761
96598
94866
95717
59788
15266
55891
19292
16385
69579
48394
78431
33569
30970
32359
66239
43209
79531
615
71715
94238
34545
84823
58609
92422
33032
1724
3011
66570
46006
78421
8787
27536
74535
40325
46549
75856
90146
98584
15105
60849
62205
69011
15982
59008
21837
25085
53754
80940
49365
43364
47686
51521
4287
33037
4766
33632
20585
98524
1783
56599
74775
94524
35697
74754
90471
69387
79643
44413
21697
88165
90613
92844
57260
63953
43178
65054
98705
80908
60225
63000
61390
69471
77775
62130
52338
2856
5946
16337
7850
53594
51646
19809
33685
95629
53473
33374
40275
98136
39138
45818
66555
99708
56172
43149
49348
16791
17069
61679
27475
21108
34427
60568
64405
78704
89841
61391
71528
96682
11926
2833
97587
99814
47806
14113
38486
67933
66698
31293
47205
2699
90693
9422
49881
34276
49915
29921
57701
91373
23703
31951
38032
97684
23283
88803
97829
11998
9997
85184
29259
73126
67927
30738
95383
51542
67087
86737
71740
42537
54880
3861
48090
49544
41078
36894
33035
85308
62669
9879
91006
17028
32425
38503
179
82223
13378
35613
79423
12190
76464
76018
80261
24857
83091
31347
32129
508
6522
22940
55877
21628
96803
83213
23407
64007
33148
40623
55734
18339
62030
81880
24534
90899
62392
5517
48636
29051
72147
73816
11739
84431
41584
11490
36125
7548
48174
97075
81747
33928
93938
60237
75309
11130
72274
50277
48384
52164
12187
52469
66493
92375
47705
81513
53218
21004
76245
58511
33027
37156
97006
70384
89354
70738
93095
19618
36341
8858
67336
18664
79849
7392
34587
44701
70909
10798
90325
10136
62467
52924
60781
13269
90132
31744
3211
97317
97598
84683
21518
22707
75347
39696
51046
57794
81161
38076
20275
70666
75619
84496
95299
83801
63029
86562
65553
32258
42672
47226
33405
59868
17679
52551
45772
50495
30496
59168
63784
66676
70194
96965
30077
91727
44999
4510
18617
24735
30773
31421
95636
39785
91680
17113
38993
93246
41613
49237
58765
98564
46392
26842
58675
40032
94081
18924
15405
85431
48346
32835
90574
21089
43837
15838
11404
3111
42688
3416
80468
69353
35542
40810
446
54475
87311
57053
60987
23997
94299
60938
64074
88646
88236
272
65803
79308
17336
17584
46251
66979
91645
24168
15581
68336
46144
90475
69802
79256
71502
94042
79839
20938
84707
46337
29189
54693
3753
28048
50382
25191
38680
50516
97003
86228
61596
66642
97243
9599
19967
18973
8984
32486
55602
74257
83704
66318
34095
35378
56453
14123
61768
94061
18436
78507
19423
22493
69567
72406
74505
308
93378
10158
88020
89388
54554
11597
46697
43963
10716
3797
31641
63228
62785
65210
59860
60489
32481
3816
63970
42198
27513
22877
10508
97048
249
99963
50952
67428
77348
68235
27540
32392
32013
17614
84177
97581
71484
47664
18324
55522
36911
75618
28056
88449
69345
12309
34544
57248
99271
79380
30006
37143
38686
70589
62983
772
54221
77412
48235
9797
66951
8338
40950
68313
56822
57295
3059
23521
36567
21796
12390
97827
67362
7560
4316
57179
65835
29847
91183
94356
9225
28310
25984
69851
79113
62149
28853
82289
70567
47166
48092
67385
85735
69336
15721
24183
23350
98320
72023
72155
4425
24443
91875
46369
71251
14567
53013
51999
54993
88326
66611
98587
17210
34742
5987
48590
43980
69902
73043
22276
27612
74433
79307
5501
79751
12140
64432
72154
60865
53293
788
81126
57597
19431
82357
32600
49368
7275
88095
69565
15967
22745
62207
11054
37406
95584
58272
1504
93126
37313
88003
79930
23994
74642
38239
22528
53559
41086
73779
99310
88233
51652
21889
82526
50418
61688
76400
46785
61777
84269
89208
22899
9887
90966
82804
40876
25557
9203
23659
10489
9869
1581
80644
33995
41483
68020
48860
33523
15961
90256
14336
19934
46384
62792
13788
94
46487
56010
41446
73654
4042
40946
41191
83517
15131
18489
98870
85858
72646
13251
14589
98465
61437
7402
87068
51909
7291
94377
37478
89437
85665
39049
11020
344
34886
39054
14719
85643
84637
43132
88747
35912
67801
61617
98801
97304
36992
91032
38629
29366
84831
62967
45823
10518
60111
17148
80480
71918
80141
49796
13437
33996
56761
30343
29674
63962
60122
80824
1124
97119
18275
77556
64111
26818
57188
375
86031
54239
68445
90834
79393
98732
49331
7948
21415
83741
66483
15617
28277
51469
12435
84372
22568
5027
89256
79204
35136
34987
22543
95430
82695
18759
23590
5749
40903
42171
63056
99406
24668
90644
36970
49636
93589
47782
33273
37299
66272
80056
78435
54270
80066
11822
36011
38187
25379
74817
85915
21200
81261
7039
39787
39236
21810
32117
84743
11928
79840
43343
96783
97162
180
66524
89853
31133
9877
80665
2854
70740
98397
71295
24985
94925
36913
10534
35109
51960
67729
28628
60952
5587
94795
40615
9793
95274
47034
51575
80657
74540
66935
51891
81182
8882
11543
99152
22621
98194
41003
89732
75749
9116
31557
33123
99528
41787
13927
31375
57978
15497
96868
46181
69139
9100
70791
65970
37502
24325
40237
89606
15200
59556
50876
51329
99843
93848
55268
23209
3871
55077
55729
96286
56228
86734
35946
91333
60742
37810
7977
64864
88050
85751
17918
35159
58672
83140
46607
9236
42516
3039
92624
91871
58760
10744
76229
38627
8496
5572
9650
76995
97305
57487
42099
73584
28121
40274
58156
89971
77608
41193
65496
15488
85660
69543
42418
49548
78883
53361
16680
74333
46095
3618
59906
58621
25819
46725
42060
31664
78903
85720
46683
51664
26659
4578
83759
55992
97163
54587
35327
92595
83297
58168
84180
87605
23540
54825
92506
15303
25003
39286
34647
32637
8334
45577
6075
67280
69121
52784
57856
84097
39355
23369
974
89449
53544
1725
5229
73038
82607
23370
87172
57778
1565
75131
95795
70758
66064
5353
83131
74177
94536
78275
44441
89134
43852
28834
93544
74179
63112
58248
99403
81701
13345
41454
70798
43930
2204
18277
3444
19801
87773
80999
90067
96778
13515
44729
88827
40569
79056
53184
35665
46844
5788
57980
55546
67006
18473
18725
98386
61959
95258
75361
11677
27178
88892
12960
63573
99532
95854
244
8578
23180
80253
41712
38535
95827
23720
23035
7641
97112
80003
6225
54731
91792
8758
45495
11588
46321
95973
88504
850
33803
54753
2552
36705
28607
22390
32995
29808
33369
86447
10490
71325
67374
42866
97555
53676
56886
61486
93283
64003
72079
39665
42862
49329
76027
66311
79964
73756
65092
15279
6012
2178
89532
92686
14981
39291
47835
94656
98441
75842
46047
98963
93731
47708
67273
60837
2717
3052
54457
81236
77213
97716
40461
91136
69029
30803
17545
31966
51779
86122
21306
89252
74558
15824
77548
19361
70915
18722
198
46295
50781
29383
3857
49557
70243
55039
97238
99797
51596
60743
83396
31022
61310
58828
97265
80983
77930
34200
68249
76989
33567
38913
87248
76401
4158
55870
68509
71953
42828
22224
6793
18315
96989
33039
29312
83599
79409
9331
51946
13301
17331
38451
81612
91883
64191
23739
40246
88532
64444
48058
71990
15697
96156
29586
79975
99024
10382
77968
18308
89884
5853
34744
7174
1712
79171
74658
98058
29325
89046
54471
80432
77623
17409
50186
4767
23472
86182
25895
64931
5252
63983
68990
21021
22375
59687
37835
86842
86817
33986
34428
95114
42
32133
18656
68738
49944
56169
86974
35865
66994
89336
57262
30860
53370
36466
91668
16582
53459
68782
78073
37403
81107
12958
81704
5620
96358
99120
90274
86981
65596
42257
84095
67739
58000
81965
11618
5073
54
53169
6305
96065
41938
619
20567
29806
22278
9192
36673
29584
3663
71747
98585
32952
78917
62280
59105
41144
97355
90674
50806
1140
27161
22450
17153
51786
81491
91376
44743
47116
31537
24710
87585
60004
53415
38043
34656
71230
66182
95985
86670
47444
22322
25416
29637
78221
63432
23975
44804
84623
24543
38613
65295
90918
27564
30670
51259
87309
43538
69869
6357
96939
35265
89622
78693
3913
36152
99753
44658
57300
12185
16186
52814
92646
25265
57213
23619
71455
1478
29016
62470
26341
98759
55566
19264
31419
9028
6089
79657
50685
10394
9540
13104
83030
68231
88882
57111
49214
92507
48653
88987
96819
93423
23903
30130
12466
63088
91526
30349
12146
83027
38440
20445
9470
85005
71316
60113
92621
85626
1328
45853
35035
38852
29655
7677
50243
15771
25264
57777
11823
43261
34727
35573
25184
99104
94980
33227
71366
17396
53703
81016
7134
72937
81811
92416
70645
20163
23279
91311
44340
53868
35108
99011
40438
36851
69862
58856
95921
53959
24881
14110
23717
41747
66355
49920
29519
299
52521
29883
71962
62913
61312
53391
59878
31606
87894
20866
90174
27209
74395
42094
61325
38516
32170
37660
82005
95046
2885
13800
25525
35168
93182
59665
6977
52094
95075
41098
54885
10713
98062
92098
4053
42819
87517
84345
95490
78015
81631
38368
54508
29326
52764
52221
46462
75941
86114
56113
54859
68000
60662
48514
47535
66193
17360
77102
37959
95433
44723
79251
4146
99391
9399
28333
82650
73647
74009
33077
73681
63632
56138
63793
62222
16123
96652
74167
93036
39431
17300
38649
58114
99557
8278
2320
77218
31115
11804
92697
6005
70535
63742
34770
29528
7224
81883
59325
80097
12145
86646
94960
68410
9978
65403
90558
36195
15537
1673
88453
72867
87090
89653
27005
90497
37351
75138
81547
42336
21631
89243
63974
35121
74706
41670
81279
97990
49988
53297
61157
26790
86816
20194
37363
26617
27416
127
18090
12659
99464
10137
78195
24799
36110
12635
36159
68072
81166
80942
46527
32980
8975
41641
30501
83176
16529
2434
36889
84835
72821
61316
45329
45232
74689
97837
71134
60715
5721
31188
13447
2960
13341
90070
52376
18101
68287
63758
42987
61844
38079
36196
11340
743
31589
72171
61900
13209
23087
53379
74152
11298
90711
77570
49192
19322
80547
35093
46050
6731
54186
1146
55997
21281
52544
45130
47829
42631
48375
22086
43308
80560
22769
48135
34887
57656
51221
78253
54224
80247
78083
78401
90659
10343
50222
79188
3550
54227
11080
98771
70653
95420
55497
54490
21388
68660
48209
4535
44049
47290
40054
72892
66964
90748
19823
56928
60297
90655
1259
16455
79365
12300
1363
30727
75041
99844
73771
95713
30731
76670
41241
13106
12787
91539
32008
70393
94716
79202
97669
51319
6989
84492
83457
47895
65846
36329
65284
60354
15305
67274
52387
34519
77495
37142
91575
49873
74481
44119
50428
35239
9334
47242
28956
34786
42689
99166
57598
92146
77475
11053
74276
17441
47715
81807
13275
72561
66938
89264
98015
35438
44679
77043
1825
91687
59228
37657
54876
45946
20244
30892
17078
71087
98532
8073
24453
54066
27306
29705
42191
89196
98242
22282
69693
59512
42750
45144
34807
48560
54138
46778
85856
86254
48777
20328
6038
30583
11461
78052
85270
58211
64350
58635
95653
21833
30689
20879
6801
12060
13657
3873
92009
14457
27960
32196
93326
47773
59389
45343
22876
48870
13281
66293
75819
72800
52306
19688
16359
74782
70353
38304
57840
14160
78635
24040
9035
69982
50811
40972
58669
94906
97866
84323
34470
25551
17643
51922
88263
98110
47078
67529
64125
22791
41319
28571
59505
14900
41506
78122
16595
57936
75226
84098
32587
46425
23851
75679
44849
99474
48452
3503
285
75683
73010
60494
2455
11727
7563
15614
36594
99185
71775
63590
5872
227
97937
60555
19941
24664
67115
47217
84915
96837
81872
61713
11445
71124
90585
18925
84687
22057
66673
58378
93499
57490
16178
79151
22381
2010
32523
13406
52308
5019
31414
91218
99353
13820
92923
55865
17295
5951
1196
16391
51841
22419
7036
74456
95439
71111
30235
98264
58058
20091
2725
49831
43177
75189
66281
92599
35822
4696
38549
87761
59367
26632
63229
26554
89797
72670
62981
15563
10165
59043
431
4445
22662
86785
83735
93013
65079
20841
53472
72289
80186
47358
86494
70843
3712
7167
97229
24037
66139
43723
28346
34391
20988
87710
11337
14970
15347
21096
76046
47831
25592
34481
50413
94783
62133
90051
31082
32151
53888
6511
26663
82564
5795
75853
74491
39368
83232
90060
48501
2529
20105
63608
59282
58193
20230
65233
91100
76249
91892
32548
72262
18159
4156
26758
35687
87000
13322
58009
56682
49775
81944
26252
60570
18667
95996
7720
94514
8313
21946
81421
34412
70524
36255
97371
78077
14510
35282
29025
5044
89578
21732
61726
34204
94521
14153
16260
5558
39142
29919
99599
89676
97976
87308
51263
65074
29160
87648
37644
32268
49960
38192
56972
80484
17365
80131
64217
2513
5281
2923
19303
97699
25536
14780
14951
3743
6006
21967
83815
55970
31250
43243
31255
11775
22559
84090
49284
38006
52305
39078
3905
73297
61687
49932
48111
27559
65878
67232
69937
41292
67745
37312
52925
75924
24696
80476
71341
66216
1539
53735
53174
71762
50947
59007
25649
87252
40779
17934
78285
5723
10302
73179
55588
45682
85976
95473
42147
66861
90987
8342
99632
46216
50554
71782
5028
60943
12271
48054
7785
4258
82219
14130
92130
26286
40923
66025
93588
40381
33762
11857
28152
17322
62862
21744
58219
30191
14137
94065
58775
39589
3037
45711
1942
67119
86017
7881
41776
47613
41004
35128
54022
20976
85417
99504
75687
91214
59243
29526
76950
55548
42830
99362
81075
48677
72491
91227
17623
92594
18613
84906
75062
8109
61149
25857
62178
53027
71809
47392
98123
36602
9391
77387
85896
69850
56635
11691
83053
26064
46742
8343
29157
34043
58476
56809
86483
70336
55825
84445
46317
36511
66419
24973
99405
34942
44166
88826
66496
62235
84980
44157
2843
43114
79516
96897
51687
87351
54153
13088
92508
49693
54084
70975
84595
27721
84665
28357
51222
57209
56364
68470
18133
9350
37119
2029
60275
5359
88332
7419
15938
34899
68364
50793
37683
34114
32705
5448
30511
1152
10908
15207
75211
44695
18203
80646
23765
51900
11835
4949
64300
20347
46333
13224
79180
39619
89478
62296
46177
75052
61985
63478
17341
32417
75391
28972
8580
15341
13183
97746
25188
76646
50120
53578
79619
8465
49075
22128
30608
59749
11522
90971
34031
30266
43072
60513
79527
49022
14815
32960
48492
80244
32440
20169
31257
34760
34579
68599
11043
70219
47499
42052
92388
10970
76329
41829
65642
4703
43807
22539
11880
11120
2795
85455
75536
1579
42006
37277
50992
60514
67578
99895
15946
81586
15550
21583
74195
2567
51849
57231
97330
99947
91043
30345
85638
81900
97412
40927
57960
7445
72317
43475
3714
40908
5101
84313
14709
15783
22132
31073
565
71495
6245
3185
95126
80346
65203
37745
36537
55105
18746
13561
52914
57107
46609
6346
76468
31461
43080
57400
48555
15414
47048
29708
6064
33596
20239
74993
67230
21483
10781
61747
38551
18769
33306
58159
11651
97045
63159
53658
42235
77726
78319
65178
65894
41476
24012
1040
65503
71950
121
74646
25202
35562
54763
97675
35006
12524
43511
62274
60404
83315
42856
19961
91564
36976
3215
82179
37757
45100
4392
84920
75258
31784
97481
75837
83673
57294
4245
79179
85840
68979
41389
96255
3468
3814
94173
18132
15241
83862
63234
6762
60818
72423
30927
317
99854
78440
40290
37929
34997
22753
10542
8667
49876
19648
12851
47762
52511
93052
6751
43577
31102
43477
98440
47366
77705
32303
11047
26589
20613
8928
20801
6621
1671
54514
74384
5879
34718
30958
98475
91689
78653
96763
83129
50378
31296
50077
2640
30401
68188
4222
10223
43280
50760
16043
63348
31694
73154
28629
29275
34655
32467
64684
16723
84152
62270
44238
5529
37094
84646
22183
39360
2851
29207
49456
49138
59740
44446
98369
55507
47578
35608
60995
73059
68828
44617
99192
35449
40998
53910
78366
27385
65534
2117
91547
55671
89772
89102
94541
27988
2078
89131
11752
66984
70761
339
47914
78844
55678
40097
98301
12084
37772
30899
87208
18921
8171
55630
21074
42261
6284
31
70388
13575
2106
95900
61434
88247
29686
32436
39083
88695
24768
48536
71163
18375
45597
26983
1004
8620
73645
55342
65273
90948
86307
19754
67325
51914
29829
56279
60874
4796
61597
26179
93519
78161
49485
52636
67123
12106
19835
76363
98004
32035
92155
54524
15270
7217
52984
88508
41273
88650
12018
1896
89367
91353
44672
71823
29949
69895
90625
6997
1274
37850
72381
19054
88777
25593
64284
41900
50103
24462
10106
86772
31975
88410
3854
37384
64000
69706
38997
23779
10058
93576
88928
29715
85785
12496
59651
9345
28359
44230
24805
1454
73580
22692
6176
93880
71389
23340
17846
48924
4350
36092
18577
95445
69253
65823
43476
72994
89517
7775
93446
40563
46105
16843
15465
38225
43984
12604
36117
2276
82
50714
38813
77573
63131
36529
47743
3655
96192
38396
63153
29264
55587
12328
57623
58710
49430
29117
72679
23391
96823
59887
21104
4741
28330
64843
95296
88214
88019
89528
39733
82949
46579
56784
10918
57058
92970
1273
34060
1052
12934
40593
55150
39361
14022
25735
26312
52353
72463
25927
50390
13066
45357
3970
55129
63547
44488
34450
14964
93411
19123
46373
74730
23094
83559
71835
75933
99385
65141
48815
94209
71965
10353
16115
20222
45742
64269
91265
71716
23617
26464
28153
95094
87327
82865
29692
92828
51861
40782
59345
39759
79816
98468
67743
20187
56922
76368
78368
68651
48420
16306
68576
28318
87935
81164
71476
71076
18917
71730
35701
71198
34309
4114
91823
2498
38932
31006
82092
85382
40407
35508
38530
23226
40310
79798
82058
68623
13278
8328
1505
19918
50278
22327
14342
66134
86988
21033
34244
90758
60464
40801
31841
49270
99774
82425
87120
29968
96375
10527
57652
44042
9633
29615
26195
8944
15438
40302
87069
15760
17134
93509
65020
18121
46637
4617
41563
90191
82878
67095
20410
59342
23428
83980
67155
66541
51854
38905
51681
13806
83957
3516
43948
18571
18849
12703
69852
75336
86715
64829
54585
4136
47280
52997
43905
9916
3326
43575
97540
92598
75294
28811
27936
87580
92431
48561
57364
66551
79099
85315
267
72008
71126
36807
31489
72782
81696
45614
97811
53462
18491
90086
97572
3633
51061
5629
32323
40897
79539
77224
6417
3699
99241
34471
96534
72110
49560
31059
25906
68059
37012
87832
26176
8405
9624
88833
3994
57334
83805
27155
70395
87307
12608
16745
35714
69351
44779
74342
99598
85246
677
49678
51898
61776
87548
68152
75193
38178
72314
31110
92672
57356
66154
12646
64744
82517
33440
74621
29062
93194
97775
15983
66585
71290
7326
46733
46723
10417
629
93147
56782
80431
61201
2557
74192
84421
11287
24125
38825
53355
57381
51868
19977
34145
37508
27891
68847
44928
55834
52676
25275
27452
22722
95173
8320
56217
66871
46117
26608
1020
4629
56568
70939
48138
34189
33960
85253
9275
13641
38177
76895
13868
72722
56488
58513
69797
3150
82412
64756
65988
25770
13445
20764
95784
26675
8395
8434
12091
24797
84405
75360
56668
4903
84493
35494
18441
18678
72685
63398
21405
56440
17995
12204
606
84279
68433
66315
47377
82991
58981
60859
70644
99882
1978
55494
33850
62104
80746
35024
91591
17442
11735
13134
19501
22408
85704
77457
14120
75950
8655
54163
41877
50826
77863
12090
28791
41819
97794
84913
51530
58427
48674
75016
72890
85326
8592
64703
87697
58508
9689
49419
43474
29229
31447
78447
5701
76625
2223
37529
32108
78249
39220
16059
14164
20261
37513
1029
17448
10715
49084
79392
94865
81516
26329
36662
29511
39044
45408
99513
92162
23387
72250
25723
55097
69299
33156
26905
9238
81195
60649
31566
13669
24504
86007
50902
58994
79233
2281
66883
51309
56655
61210
61737
26600
40721
49268
95621
58010
66991
86310
12683
84198
54376
3413
30101
13929
68798
38111
3053
9736
38259
80937
71821
42976
73
21891
88606
37479
55845
31806
27676
28280
95641
30243
95517
48983
55454
59965
76629
71048
49572
14597
21264
2599
99961
89012
62129
73141
93230
74822
30829
79669
59624
40016
62718
14634
44572
26765
80830
26442
65073
52388
69701
91905
14753
43357
96644
28449
25336
51277
14404
1263
16032
37327
47295
97815
6639
13038
62485
87615
8329
77503
22316
93145
56946
69611
84424
45139
77652
23563
71523
27496
26954
28012
53961
62297
6951
61010
310
11014
64536
50166
6831
20725
20197
70119
42810
48834
8671
42627
10680
23583
17553
79426
90271
22356
9243
88357
61888
42997
46453
45732
69282
65634
2104
69438
13825
3668
15694
80704
33775
4709
29037
910
53601
66266
2001
44306
59893
68826
37983
65936
45173
15367
43554
11765
45129
26087
91878
70725
92106
81887
74676
56412
54661
5909
2546
4293
65135
67765
70373
30476
77390
76194
60978
8884
32539
10072
88314
34127
59977
33121
45697
46817
44890
84287
60778
60306
40014
35250
6333
751
28854
1767
99275
5055
98214
82942
72585
96541
34920
71926
58391
77558
55726
75799
78853
92576
26463
21787
51019
76499
29114
6518
33738
39322
46864
16195
39408
1334
11204
48391
76617
10202
45599
81403
38851
52534
82044
80399
41381
64385
78269
43247
56789
18775
73033
84074
59743
24136
70452
88837
98889
86026
88422
49015
91522
36843
28124
45372
41265
26038
24196
34576
77239
86814
24248
3880
19798
46470
64888
77270
2479
59981
54530
38472
84023
40605
95699
17087
19935
14311
25580
92959
63798
86618
33110
98687
56393
97493
47650
10546
13775
48865
17956
91556
17014
98045
41546
27256
91400
52715
71041
1816
41358
93160
80018
18581
7706
36738
43015
68229
24662
24365
43798
22558
64240
95465
27542
20832
1913
97663
50175
43245
2227
7934
4078
8240
91443
76553
73770
7988
25689
8652
75648
38514
56641
43100
81162
69067
11709
73199
36172
69093
74439
98588
40436
58132
12069
46111
80526
94554
91663
42236
15323
91294
27646
76796
45819
55314
59085
53533
22275
12129
32657
64898
47304
32146
75094
4820
48945
61819
22613
19884
78860
52090
15575
75460
53363
96948
14689
30484
87349
18870
5164
85407
32599
32968
28644
10279
22169
14915
24491
44309
88846
45622
33147
11023
15895
1526
28334
33791
60177
97354
40803
25286
60868
48279
7216
30225
64346
79986
91460
96223
3194
29799
53450
34247
69085
44989
41053
78074
15147
64387
59831
62639
13443
24348
65377
69040
15629
8404
21774
81316
2932
15547
14577
10852
92939
10344
50360
12621
43482
7610
91017
81265
99930
89207
28008
775
38332
63041
69605
77687
96548
67815
23331
33752
95910
52350
95440
32901
23487
89533
29748
1149
90288
76493
94582
93853
79690
28492
7627
5976
99414
20249
83819
2338
28044
20858
44033
69454
24463
87862
48891
23578
85347
32408
81156
80731
40314
71616
16281
92924
33553
87094
94583
99655
83507
54228
97580
7629
32376
89187
32365
77675
84216
54431
31094
17021
23762
2682
58854
61574
28248
36120
50615
36901
61868
11201
12680
95663
91042
76091
50839
45105
17424
77243
64023
9299
8546
4858
95603
88196
85891
56714
88935
37320
53132
50288
33180
14241
22726
30559
53909
47448
60661
29621
37045
67070
56647
80478
60904
4151
7190
39279
6608
97231
29052
35302
18515
77121
55372
15535
35356
62615
52618
8897
57298
14226
7130
97903
36938
45767
47610
11603
14767
7328
67384
1847
3839
98586
85570
224
10892
57755
8281
21187
92723
92324
18039
24969
69870
4033
65484
59201
54674
790
1325
54507
30012
73446
31353
14279
98706
67455
3590
93590
86020
66671
67245
69505
66019
25591
18158
61171
44798
57633
18774
46730
55242
70429
78220
68026
46991
39285
35049
48008
80652
95977
43647
63698
93319
38918
11443
2527
44841
13321
92504
95809
40804
96338
1116
65454
81730
69083
94754
13457
87330
9898
70529
89259
20327
71001
96110
89465
30236
10725
74655
69187
10059
20128
71834
42316
34916
28184
72327
93062
93120
28877
24270
27724
31237
75358
46386
10485
66849
37301
72475
10492
64189
24895
72660
4613
24065
19415
2435
28979
83161
38026
60552
15671
23397
29241
51282
31747
78461
91260
90750
34077
40127
68259
70381
45295
6679
65272
3584
11611
17001
77376
54547
40235
94878
70177
34131
24486
66665
70206
10943
86837
23613
56437
28584
95149
18505
43616
97124
46119
82835
23262
20505
99502
16403
83943
91876
37994
70349
70081
55431
70478
52207
92795
2685
28023
70217
46287
93115
68017
38973
53055
74541
52605
42366
61505
65804
59791
30088
97353
97674
85968
2816
86527
94880
96578
51663
17908
78209
55176
86333
39748
87205
27912
86
90034
92772
50507
75650
34059
85076
81334
60630
84693
95662
7160
44294
13557
92494
20151
48635
279
70007
50193
82420
12543
29844
60328
62424
66505
40482
92478
67655
37038
88922
9452
83246
85356
38181
76845
18221
47998
25641
61282
12053
35318
21499
85597
91755
51897
16689
88940
52364
54679
192
75884
57765
23574
30170
48151
53881
99601
1592
25122
72333
2818
60471
27297
67867
76116
5469
84295
62012
97894
31956
28589
32056
45866
71562
59709
40595
67732
71093
6678
67086
41367
77178
93342
67499
99750
63248
30845
48725
95858
15910
11301
49821
60265
39797
11754
18066
9303
70928
33136
64230
70617
20046
26086
12349
83651
17905
59492
47969
46783
55625
68968
7924
44206
46256
43038
88334
67502
88795
12660
99569
44867
70904
56848
34993
37831
89421
75763
83301
60085
13819
56161
13046
18160
91153
56496
47907
11118
40696
20012
24836
78663
98548
50725
33169
79440
77189
87661
87677
86203
63033
75699
27223
7404
86352
58571
76611
77568
51926
72527
69260
59886
21821
94086
13954
76221
51132
7034
62495
49638
48761
42684
35
46920
44511
30651
68453
79609
67013
10677
63322
1243
60779
5958
15309
38019
29859
3746
70097
55733
9634
76217
42008
51793
72166
61165
80700
41386
17085
96547
542
16705
77172
66295
94024
54671
29955
90531
35956
98984
49681
99377
43781
14707
5886
4653
63634
20543
93305
46808
72292
35775
25814
6366
87296
87367
84515
56936
81955
80146
92029
55122
6484
54773
38037
74437
53736
72712
17628
32157
12820
12456
15424
6113
13201
21090
13527
23417
58993
74950
24815
72634
2876
65145
79091
47872
74635
52778
35671
85395
73216
58844
75937
51948
94112
10626
79348
70481
14031
15690
35834
4860
25414
83341
63514
60115
12563
43266
26351
685
81540
21426
53622
26673
10042
46438
49030
44126
21923
97311
6385
75499
46581
89728
85152
14648
90518
86807
53195
99920
31699
10992
45804
26413
98644
31211
26548
88002
78006
9830
74263
7893
8829
17107
85853
96204
57684
12594
26004
18358
93217
1870
16964
5270
50583
6294
61968
62354
43560
20934
41120
22067
87381
20718
29931
94347
34100
26768
99044
2347
71410
49460
51717
67127
1720
31200
93084
30857
55018
62038
24835
93055
59818
17034
18509
48290
18137
13662
32188
74932
94845
53468
64176
12533
4990
34970
49425
33195
49472
15278
13545
22682
8008
24119
2077
94924
24758
44100
8755
35054
95104
42599
20796
13888
66416
70112
48581
71861
85258
29432
76136
59809
15332
2326
35173
47334
6440
80673
75913
42010
41603
22520
43013
46615
50641
43883
29263
63462
83676
54107
75230
38737
55061
66035
96527
12445
59101
55432
60860
81211
74902
56225
48435
13208
54784
14315
34156
52465
62750
44711
25756
23839
68118
99803
16941
4660
49310
33810
34175
18539
51449
17388
90123
89555
68256
95581
12888
88484
71195
30870
49912
40773
1401
46056
69703
39600
58067
51105
43008
18394
18614
56775
21783
12864
12627
89506
75127
72058
32554
99223
23603
77677
2765
13870
7179
23005
78740
40213
34845
77375
35517
24189
43845
5740
84670
97282
38953
96393
36712
46083
14010
29922
55884
75537
20576
89644
54414
99730
99718
70679
54233
52029
94044
92261
58768
78631
80586
14406
2630
87329
23571
38780
54468
34830
92739
48400
93949
44887
90014
52159
44184
55403
88336
83208
63510
80505
68124
17575
53873
43265
38252
32899
38005
12685
83365
17505
4965
48958
32699
98544
39378
60574
20014
93000
28721
77540
96369
30967
89009
69922
50217
18224
40449
25119
67556
13598
67778
60198
26399
52415
31574
12226
17526
13419
63006
71888
73803
79165
82200
2390
2009
53826
48839
64824
31089
69530
31389
10252
85757
56007
42890
34491
52602
25947
3435
2141
87527
48218
77034
53024
54606
65438
33700
84793
37328
49852
36944
90785
79646
50445
57651
70408
47640
53046
69023
39207
93292
36494
62536
52397
46219
11741
56055
30616
59734
54839
76524
26625
68418
87870
77905
18931
8471
44021
37458
53357
57734
90310
82211
35348
63734
8777
84237
63497
81399
22260
74068
36861
33029
40496
88840
78703
15576
42904
63542
60356
42455
45825
41982
79301
29560
17867
50844
1337
64757
291
80158
95960
28430
1163
33363
9840
2678
32772
62647
83334
54232
17137
68371
51413
64324
26102
63920
72479
16512
88107
47425
68001
12845
86535
61928
43911
24250
64887
11031
15197
26546
15579
99851
48482
31173
49992
16507
56593
9170
17988
1453
65772
52934
5152
95892
73939
12465
42568
12939
27001
24675
97225
29091
30611
11748
4526
44974
87075
16996
72279
90413
39867
69289
59508
73502
21615
66919
85170
79314
24023
1897
83278
